,Building,Total Profit,Total Emissions
0,1,-1265.4349753231008,6425.481741939965
1,1,-1265.1494027413378,6424.420115529182
2,1,-1265.279564293784,6424.987686018435
3,2,-1168.1728666076233,4494.3619483396415
4,2,-1168.3687007359833,4495.158589196017
5,2,-1168.171427300033,4494.253795059942
6,3,-357.8591834395174,1729.1849855816617
7,3,-357.8829039134264,1729.3264029573315
8,3,-357.1963957294599,1726.98546711349
9,4,-984.8928875599948,4084.2140274558933
10,4,-984.8938210253442,4084.1648502577955
11,4,-984.9328008147382,4084.242260651892
12,5,-1107.5832371809026,4530.762116935106
13,5,-1108.1779495512499,4532.885193298113
14,5,-1108.1824233848768,4532.4418682856685
15,6,-2775.402188467149,10651.050279807152
16,6,-2776.061724167316,10653.459282186619
17,6,-2776.037928349902,10653.309704288053
18,7,-795.9671895127367,3924.9075769797682
19,7,-796.3394052832411,3926.218323542013
20,7,-795.8449466071095,3924.476505233493
21,8,-2750.87945319989,9886.441564333349
22,8,-2754.2944740172475,9897.30125925917
23,8,-2753.937591237977,9896.696047139532
24,9,-873.4434094447724,3777.1122153835186
25,9,-873.3480477662613,3776.7826087897315
26,9,-873.9220419014861,3778.922091528108
27,10,-1019.0356364037358,4203.365467770968
28,10,-1019.5124846693137,4205.07455294492
29,10,-1019.0665064113795,4203.496947624272
30,11,-1222.374291763487,5003.797033431409
31,11,-1222.3586391484027,5003.683515317266
32,11,-1222.4346549745749,5003.8944358016
33,12,-1152.3152340904778,4283.987256658321
34,12,-1152.272005690853,4283.87816108416
35,12,-1152.2943209214125,4283.9175629398
36,13,-690.244180107251,3124.8449529155446
37,13,-689.4873119364701,3122.305835055378
38,13,-689.487326730076,3122.26659253725
39,14,-897.7211690312556,3715.1460972178793
40,14,-897.6826615466271,3714.9315310288375
41,14,-897.6561124248536,3714.8328238841295
42,15,-687.2316778896023,2888.2315782082787
43,15,-686.644715818232,2886.312636231174
44,15,-687.239138642549,2888.405200557745
45,16,-1251.6875746060646,5223.812395156128
46,16,-1251.6044752185333,5223.523045226185
47,16,-1251.7979593016437,5224.223272672493
48,17,-1845.7647193778207,6635.5990767042285
49,17,-1845.2438584725414,6633.9884090639325
50,17,-1845.24220107573,6634.026819968269
51,18,-1698.6600616294143,6833.263248223073
52,18,-1699.2973238673842,6835.629396321354
53,18,-1699.3109631862455,6835.8086741623665
54,19,-400.2823569774975,1764.520928301633
55,19,-400.3012091363444,1764.653560243172
56,19,-400.287534279733,1764.543620703791
57,20,-1510.7387444212554,5997.862067644951
58,20,-1510.864567594968,5998.30914624025
59,20,-1511.2966664888545,5999.897663039822
60,21,-1989.5938695793695,7595.910276071617
61,21,-1989.8406781196848,7597.123530901122
62,21,-1989.5442213430867,7596.034911992186
63,22,-829.4084643295316,3174.8492187508277
64,22,-828.8926601751136,3173.091447725213
65,22,-829.0436907959674,3173.6948280332645
66,23,-1061.7916028661607,3962.3430632526156
67,23,-1061.8048178322501,3962.3413690306734
68,23,-1062.003253720271,3962.7183711927282
69,24,-590.5580048897983,3634.564936034118
70,24,-591.0388812879047,3636.3267121396875
71,24,-590.6442547099439,3634.794277227106
72,25,-1439.217503652768,5093.09114593176
73,25,-1438.7370393178103,5091.319542015499
74,25,-1438.7923588392714,5091.660225268776
75,26,-1832.2246813823017,7167.206105869336
76,26,-1832.208927092497,7167.267863978986
77,26,-1832.246479823284,7167.19084268157
78,27,-1129.026543755845,4492.775464306783
79,27,-1129.4537891069451,4494.619449039334
80,27,-1129.1459827960982,4493.208842020749
81,28,-668.0784447257774,2545.1924349329856
82,28,-668.1493804422623,2545.316995863357
83,28,-668.577211116519,2546.670651736897
84,29,-1061.461497482975,4142.843910363293
85,29,-1061.4053060880674,4142.781157979655
86,29,-1061.4446851153095,4142.719766030159
87,30,-721.9043174885962,3137.0470051236684
88,30,-722.3022460724281,3138.2035866691513
89,30,-721.7061950796932,3136.1524117256317
